0 (numero1, , )
1 (123, , )
2 (=, [0], [1])
3 (numero2, , )
4 (2, , )
5 (=, [3], [4])
6 (numero3, , )
7 (130, , )
8 (=, [6], [7])
9 (cadena, , )
10 ("H0la mundo!!!", , )
11 (=, [9], [10])
12 (real, , )
13 (0.50, , )
14 (=, [12], [13])
15 (numero2, , )
16 (numero1, , )
17 (CMP, [15], [16])
18 (BGT, [33], )
19 (numero3, , )
20 (numero1, , )
21 (CMP, [19], [20])
22 (BLT, [33], )
23 (numero2, , )
24 (1, , )
25 (=, [23], [24])
26 (numero1, , )
27 (55, , )
28 (=, [26], [27])
29 (numero3, , )
30 (60, , )
31 (=, [29], [30])
32 (BI, [36], )
33 (numero1, , )
34 (60, , )
35 (=, [33], [34])
36 (numero2, , )
37 (numero1, , )
38 (CMP, [36], [37])
39 (BGE, [53], )
40 (numero3, , )
41 (numero1, , )
42 (CMP, [40], [41])
43 (BLT, [53], )
44 (numero2, , )
45 (1, , )
46 (=, [44], [45])
47 (numero1, , )
48 (55, , )
49 (=, [47], [48])
50 (numero3, , )
51 (1, , )
52 (=, [50], [51])
53 (numero2, , )
54 (numero1, , )
55 (CMP, [53], [54])
56 (BEQ, [58], )
57 (BI, 62, )
58 (numero3, , )
59 (numero1, , )
60 (CMP, [58], [59])
61 (BNE, [71], )
62 (numero2, , )
63 (1, , )
64 (=, [62], [63])
65 (numero1, , )
66 (55, , )
67 (=, [65], [66])
68 (numero3, , )
69 (60, , )
70 (=, [68], [69])
71 (numero2, , )
72 (3, , )
73 (CMP, [71], [72])
74 (BGE, [86], )
75 (numero1, , )
76 (numero1, , )
77 (numero3, , )
78 (+, [76], [77])
79 (=, [75], [78])
80 (numero2, , )
81 (numero2, , )
82 (1, , )
83 (+, [81], [82])
84 (=, [80], [83])
85 (BI, [71], )
86 (numero1, , )
87 (DISPLAY, [86], )
88 (numero2, , )
89 (6, , )
90 (CMP, [88], [89])
91 (BGE, [113], )
92 (numero3, , )
93 (62, , )
94 (CMP, [92], [93])
95 (BGE, [107], )
96 (numero1, , )
97 (numero1, , )
98 (1, , )
99 (+, [97], [98])
100 (=, [96], [99])
101 (numero3, , )
102 (numero3, , )
103 (1, , )
104 (+, [102], [103])
105 (=, [101], [104])
106 (BI, [92], )
107 (numero2, , )
108 (numero2, , )
109 (1, , )
110 (+, [108], [109])
111 (=, [107], [110])
112 (BI, [88], )
113 (numero1, , )
114 (DISPLAY, [113], )
115 (resultado, , )
116 (numero1, , )
117 (numero2, , )
118 (+, [116], [117])
119 (=, [115], [118])
120 (resultado, , )
121 (DISPLAY, [120], )
122 (resultado, , )
123 (numero1, , )
124 (numero2, , )
125 (-, [123], [124])
126 (=, [122], [125])
127 (resultado, , )
128 (DISPLAY, [127], )
129 (resultado, , )
130 (numero1, , )
131 (numero2, , )
132 (*, [130], [131])
133 (=, [129], [132])
134 (resultado, , )
135 (DISPLAY, [134], )
136 (resultado, , )
137 (numero1, , )
138 (numero2, , )
139 (/, [137], [138])
140 (=, [136], [139])
141 (resultado, , )
142 (DISPLAY, [141], )
143 (numero1, , )
144 (numero1, , )
145 (numero2, , )
146 (numero3, , )
147 (3, , )
148 (=, [143], [147])
149 (numero1, , )
150 (numero2, , )
151 (numero3, , )
152 (3, , )
153 (2, , )
154 (CMP, [152], [153])
155 (BLE, [159], )
156 (numero1, , )
157 (2, , )
158 (=, [156], [152])
159 (numero2, , )
160 (*, , )
161 (2, , )
162 (12, , )
163 (24, , )
164 (48, , )
165 ([161], , )
166 ([160], [165], [162])
167 ([160], [166], [163])
168 ([167], , )
169 (=, [159], [168])
170 (numero1, , )
171 (*, , )
172 (2, , )
173 (12, , )
174 (24, , )
175 (48, , )
176 ([172], , )
177 ([171], [176], [173])
178 ([171], [177], [174])
179 ([178], , )
180 (numero2, , )
181 (numero3, , )
182 (3, , )
183 (=, [170], [182])
184 (numero1, , )
185 (GET, [184], )
